# ------------------------------------------------------
# Data set 0
# ------------------------------------------------------

# Line 0 in data set 0
 -5.501124e+01   0.000000e+00
 -5.478124e+01   0.000000e+00
 -5.455224e+01   0.000000e+00
 -5.432224e+01   0.000000e+00
 -5.409224e+01   0.000000e+00
 -5.386324e+01   0.000000e+00
 -5.363324e+01   0.000000e+00
 -5.340324e+01   0.000000e+00
 -5.317424e+01   0.000000e+00
 -5.294424e+01   0.000000e+00
 -5.271424e+01   0.000000e+00
 -5.248524e+01   0.000000e+00
 -5.225524e+01   0.000000e+00
 -5.202524e+01   1.620967e-10
 -5.179624e+01   5.623919e-08
 -5.156624e+01   2.116120e-06
 -5.133624e+01   1.283670e-05
 -5.110724e+01   1.459980e-05
 -5.087724e+01   2.562370e-06
 -5.064724e+01   5.158332e-08
 -5.041824e+01   9.549589e-11
 -5.018824e+01   0.000000e+00
 -4.995824e+01   0.000000e+00
 -4.972924e+01   0.000000e+00
 -4.949924e+01   0.000000e+00
 -4.926924e+01   0.000000e+00
 -4.904024e+01   0.000000e+00
 -4.881024e+01   0.000000e+00
 -4.858024e+01   0.000000e+00
 -4.835124e+01   0.000000e+00
 -4.812124e+01   0.000000e+00
 -4.789124e+01   0.000000e+00
 -4.766224e+01   0.000000e+00
 -4.743224e+01   0.000000e+00
 -4.720224e+01   0.000000e+00
 -4.697324e+01   0.000000e+00
 -4.674324e+01   0.000000e+00
 -4.651324e+01   0.000000e+00
 -4.628424e+01   0.000000e+00
 -4.605424e+01   0.000000e+00
 -4.582424e+01   0.000000e+00
 -4.559524e+01   0.000000e+00
 -4.536524e+01   0.000000e+00
 -4.513524e+01   0.000000e+00
 -4.490624e+01   0.000000e+00
 -4.467624e+01   0.000000e+00
 -4.444624e+01   0.000000e+00
 -4.421724e+01   0.000000e+00
 -4.398724e+01   0.000000e+00
 -4.375724e+01   0.000000e+00
 -4.352824e+01   0.000000e+00
 -4.329824e+01   0.000000e+00
 -4.306824e+01   0.000000e+00
 -4.283924e+01   0.000000e+00
 -4.260924e+01   0.000000e+00
 -4.237924e+01   0.000000e+00
 -4.215024e+01   0.000000e+00
 -4.192024e+01   0.000000e+00
 -4.169024e+01   0.000000e+00
 -4.146124e+01   0.000000e+00
 -4.123124e+01   0.000000e+00
 -4.100124e+01   0.000000e+00
 -4.077224e+01   0.000000e+00
 -4.054224e+01   0.000000e+00
 -4.031224e+01   0.000000e+00
 -4.008324e+01   0.000000e+00
 -3.985324e+01   0.000000e+00
 -3.962324e+01   0.000000e+00
 -3.939424e+01   0.000000e+00
 -3.916424e+01   0.000000e+00
 -3.893424e+01   0.000000e+00
 -3.870524e+01   0.000000e+00
 -3.847524e+01   0.000000e+00
 -3.824524e+01   0.000000e+00
 -3.801624e+01   0.000000e+00
 -3.778624e+01   0.000000e+00
 -3.755624e+01   0.000000e+00
 -3.732724e+01   0.000000e+00
 -3.709724e+01   0.000000e+00
 -3.686724e+01   0.000000e+00
 -3.663824e+01   0.000000e+00
 -3.640824e+01   0.000000e+00
 -3.617824e+01   0.000000e+00
 -3.594924e+01   0.000000e+00
 -3.571924e+01   0.000000e+00
 -3.548924e+01   0.000000e+00
 -3.526024e+01   0.000000e+00
 -3.503024e+01   0.000000e+00
 -3.480024e+01   0.000000e+00
 -3.457124e+01   0.000000e+00
 -3.434124e+01   0.000000e+00
 -3.411224e+01   0.000000e+00
 -3.388224e+01   0.000000e+00
 -3.365224e+01   0.000000e+00
 -3.342324e+01   0.000000e+00
 -3.319324e+01   0.000000e+00
 -3.296324e+01   0.000000e+00
 -3.273424e+01   0.000000e+00
 -3.250424e+01   0.000000e+00
 -3.227424e+01   0.000000e+00
 -3.204524e+01   0.000000e+00
 -3.181524e+01   0.000000e+00
 -3.158524e+01   0.000000e+00
 -3.135624e+01   0.000000e+00
 -3.112624e+01   0.000000e+00
 -3.089624e+01   0.000000e+00
 -3.066724e+01   0.000000e+00
 -3.043724e+01   0.000000e+00
 -3.020724e+01   0.000000e+00
 -2.997824e+01   0.000000e+00
 -2.974824e+01   0.000000e+00
 -2.951824e+01   0.000000e+00
 -2.928924e+01   0.000000e+00
 -2.905924e+01   0.000000e+00
 -2.882924e+01   0.000000e+00
 -2.860024e+01   0.000000e+00
 -2.837024e+01   0.000000e+00
 -2.814024e+01   0.000000e+00
 -2.791124e+01   0.000000e+00
 -2.768124e+01   0.000000e+00
 -2.745124e+01   0.000000e+00
 -2.722224e+01   0.000000e+00
 -2.699224e+01   0.000000e+00
 -2.676224e+01   0.000000e+00
 -2.653324e+01   0.000000e+00
 -2.630324e+01   0.000000e+00
 -2.607324e+01   0.000000e+00
 -2.584424e+01   0.000000e+00
 -2.561424e+01   0.000000e+00
 -2.538424e+01   0.000000e+00
 -2.515524e+01   0.000000e+00
 -2.492524e+01   1.547619e-09
 -2.469524e+01   5.147950e-07
 -2.446624e+01   2.541370e-05
 -2.423624e+01   2.426090e-04
 -2.400624e+01   6.680780e-04
 -2.377724e+01   3.294565e-03
 -2.354724e+01   1.374041e-02
 -2.331724e+01   1.737580e-02
 -2.308824e+01   9.234210e-03
 -2.285824e+01   1.491930e-03
 -2.262824e+01   4.447040e-05
 -2.239924e+01   1.748330e-07
 -2.216924e+01   7.041580e-11
 -2.193924e+01   0.000000e+00
 -2.171024e+01   0.000000e+00
 -2.148024e+01   0.000000e+00
 -2.125024e+01   0.000000e+00
 -2.102124e+01   0.000000e+00
 -2.079124e+01   0.000000e+00
 -2.056124e+01   0.000000e+00
 -2.033224e+01   0.000000e+00
 -2.010224e+01   0.000000e+00
 -1.987224e+01   3.121978e-12
 -1.964324e+01   1.619933e-08
 -1.941324e+01   7.893132e-06
 -1.918324e+01   4.452782e-04
 -1.895424e+01   4.332152e-03
 -1.872424e+01   1.470925e-02
 -1.849424e+01   5.254184e-02
 -1.826524e+01   2.252364e-01
 -1.803524e+01   5.107397e-01
 -1.780524e+01   8.676020e-01
 -1.757624e+01   9.635660e-01
 -1.734624e+01   6.506670e-01
 -1.711624e+01   3.274815e-01
 -1.688724e+01   7.290570e-02
 -1.665724e+01   7.800850e-03
 -1.642724e+01   4.710306e-04
 -1.619824e+01   2.325963e-04
 -1.596824e+01   2.365970e-04
 -1.573824e+01   1.078180e-04
 -1.550924e+01   2.197853e-05
 -1.527924e+01   1.575001e-06
 -1.504924e+01   2.302468e-08
 -1.482024e+01   4.467706e-11
 -1.459024e+01   0.000000e+00
 -1.436024e+01   0.000000e+00
 -1.413124e+01   0.000000e+00
 -1.390124e+01   0.000000e+00
 -1.367124e+01   0.000000e+00
 -1.344224e+01   0.000000e+00
 -1.321224e+01   0.000000e+00
 -1.298224e+01   0.000000e+00
 -1.275324e+01   0.000000e+00
 -1.252324e+01   0.000000e+00
 -1.229324e+01   0.000000e+00
 -1.206424e+01   0.000000e+00
 -1.183424e+01   0.000000e+00
 -1.160424e+01   0.000000e+00
 -1.137524e+01   0.000000e+00
 -1.114524e+01   0.000000e+00
 -1.091524e+01   0.000000e+00
 -1.068624e+01   0.000000e+00
 -1.045624e+01   0.000000e+00
 -1.022624e+01   0.000000e+00
 -9.997239e+00   0.000000e+00
 -9.767239e+00   0.000000e+00
 -9.537239e+00   4.065200e-11
 -9.308239e+00   3.085510e-07
 -9.078239e+00   2.279540e-04
 -8.848239e+00   2.057720e-02
 -8.619239e+00   3.443730e-01
 -8.389239e+00   1.783050e+00
 -8.159239e+00   3.751470e+00
 -7.930239e+00   4.332550e+00
 -7.700239e+00   4.273300e+00
 -7.470239e+00   4.389800e+00
 -7.241239e+00   3.989600e+00
 -7.011239e+00   3.694300e+00
 -6.781239e+00   3.907570e+00
 -6.552239e+00   2.799470e+00
 -6.322239e+00   1.194770e+00
 -6.092239e+00   1.451070e+00
 -5.863239e+00   2.944200e+00
 -5.633239e+00   3.863900e+00
 -5.403239e+00   3.068680e+00
 -5.174239e+00   1.332320e+00
 -4.944239e+00   8.166630e-01
 -4.714239e+00   9.591850e-01
 -4.485239e+00   8.577930e-01
 -4.255239e+00   1.202470e+00
 -4.025239e+00   1.448930e+00
 -3.796239e+00   1.321230e+00
 -3.566239e+00   1.327680e+00
 -3.336239e+00   1.198820e+00
 -3.107239e+00   9.954500e-01
 -2.877239e+00   9.604300e-01
 -2.647239e+00   9.593800e-01
 -2.418239e+00   1.159610e+00
 -2.188239e+00   1.395730e+00
 -1.958239e+00   1.683890e+00
 -1.729239e+00   1.782250e+00
 -1.499239e+00   1.795630e+00
 -1.269239e+00   1.666330e+00
 -1.040239e+00   1.766020e+00
 -8.102387e-01   9.811700e-01
 -5.802387e-01   1.936950e-01
 -3.512387e-01   1.040668e-02
 -1.212387e-01   1.010061e-04
  1.087613e-01   1.600153e-07
  3.377613e-01   3.184340e-05
  5.677613e-01   2.877460e-03
  7.977613e-01   3.070580e-02
  1.026761e+00   4.306610e-02
  1.256761e+00   7.966000e-03
  1.486761e+00   1.685210e-04
  1.715761e+00   3.072450e-04
  1.945761e+00   1.821370e-02
  2.175761e+00   2.059910e-01
  2.404761e+00   8.813750e-01
  2.634761e+00   2.382040e+00
  2.864761e+00   3.283590e+00
  3.093761e+00   2.694310e+00
  3.323761e+00   1.754157e+00
  3.553761e+00   1.428011e+00
  3.782761e+00   1.423779e+00
  4.012761e+00   1.392544e+00
  4.242761e+00   1.501998e+00
  4.471761e+00   1.255725e+00
  4.701761e+00   4.759632e-01
  4.931761e+00   4.509940e-02
  5.160761e+00   7.417940e-04
  5.390761e+00   3.337950e-03
  5.620761e+00   2.624210e-02
  5.849761e+00   4.524370e-02
  6.079761e+00   4.245160e-02
  6.309761e+00   6.461100e-02
  6.538761e+00   8.577500e-02
  6.768761e+00   8.424200e-02
  6.998761e+00   1.075270e-01
  7.227761e+00   2.262170e-01
  7.457761e+00   2.538100e-01
  7.687761e+00   1.018950e-01
  7.916761e+00   4.281240e-02
  8.146761e+00   3.937040e-02
  8.376761e+00   3.328840e-02
  8.605761e+00   3.986200e-02
  8.835761e+00   6.500400e-02
  9.065761e+00   9.545500e-02
  9.294761e+00   9.867800e-02
  9.524761e+00   9.764900e-02
  9.754761e+00   9.516400e-02
  9.983761e+00   1.059460e-01
  1.021376e+01   1.344440e-01
  1.044276e+01   9.094000e-02
  1.067276e+01   1.838130e-02
  1.090276e+01   1.075570e-03
  1.113176e+01   4.223950e-05
  1.136176e+01   8.162390e-07
  1.159176e+01   1.769910e-09
  1.182076e+01   0.000000e+00
  1.205076e+01   0.000000e+00
  1.228076e+01   0.000000e+00
  1.250976e+01   0.000000e+00
  1.273976e+01   0.000000e+00
  1.296976e+01   0.000000e+00
  1.319876e+01   0.000000e+00
  1.342876e+01   0.000000e+00
  1.365876e+01   0.000000e+00
  1.388776e+01   0.000000e+00


# ------------------------------------------------------
# Data set 1
# ------------------------------------------------------

# Line 0 in data set 1
 -5.501124e+01   0.000000e+00
 -5.478124e+01   0.000000e+00
 -5.455224e+01   0.000000e+00
 -5.432224e+01   0.000000e+00
 -5.409224e+01   0.000000e+00
 -5.386324e+01   0.000000e+00
 -5.363324e+01   0.000000e+00
 -5.340324e+01   0.000000e+00
 -5.317424e+01   0.000000e+00
 -5.294424e+01   0.000000e+00
 -5.271424e+01   0.000000e+00
 -5.248524e+01  -5.221857e-11
 -5.225524e+01  -2.334467e-08
 -5.202524e+01  -1.079759e-06
 -5.179624e+01  -7.854330e-06
 -5.156624e+01  -1.138390e-05
 -5.133624e+01  -2.738710e-06
 -5.110724e+01  -7.994280e-08
 -5.087724e+01  -2.217297e-10
 -5.064724e+01   0.000000e+00
 -5.041824e+01   0.000000e+00
 -5.018824e+01   0.000000e+00
 -4.995824e+01   0.000000e+00
 -4.972924e+01   0.000000e+00
 -4.949924e+01   0.000000e+00
 -4.926924e+01   0.000000e+00
 -4.904024e+01   0.000000e+00
 -4.881024e+01   0.000000e+00
 -4.858024e+01   0.000000e+00
 -4.835124e+01   0.000000e+00
 -4.812124e+01   0.000000e+00
 -4.789124e+01   0.000000e+00
 -4.766224e+01   0.000000e+00
 -4.743224e+01   0.000000e+00
 -4.720224e+01   0.000000e+00
 -4.697324e+01   0.000000e+00
 -4.674324e+01   0.000000e+00
 -4.651324e+01   0.000000e+00
 -4.628424e+01   0.000000e+00
 -4.605424e+01   0.000000e+00
 -4.582424e+01   0.000000e+00
 -4.559524e+01   0.000000e+00
 -4.536524e+01   0.000000e+00
 -4.513524e+01   0.000000e+00
 -4.490624e+01   0.000000e+00
 -4.467624e+01   0.000000e+00
 -4.444624e+01   0.000000e+00
 -4.421724e+01   0.000000e+00
 -4.398724e+01   0.000000e+00
 -4.375724e+01   0.000000e+00
 -4.352824e+01   0.000000e+00
 -4.329824e+01   0.000000e+00
 -4.306824e+01   0.000000e+00
 -4.283924e+01   0.000000e+00
 -4.260924e+01   0.000000e+00
 -4.237924e+01   0.000000e+00
 -4.215024e+01   0.000000e+00
 -4.192024e+01   0.000000e+00
 -4.169024e+01   0.000000e+00
 -4.146124e+01   0.000000e+00
 -4.123124e+01   0.000000e+00
 -4.100124e+01   0.000000e+00
 -4.077224e+01   0.000000e+00
 -4.054224e+01   0.000000e+00
 -4.031224e+01   0.000000e+00
 -4.008324e+01   0.000000e+00
 -3.985324e+01   0.000000e+00
 -3.962324e+01   0.000000e+00
 -3.939424e+01   0.000000e+00
 -3.916424e+01   0.000000e+00
 -3.893424e+01   0.000000e+00
 -3.870524e+01   0.000000e+00
 -3.847524e+01   0.000000e+00
 -3.824524e+01   0.000000e+00
 -3.801624e+01   0.000000e+00
 -3.778624e+01   0.000000e+00
 -3.755624e+01   0.000000e+00
 -3.732724e+01   0.000000e+00
 -3.709724e+01   0.000000e+00
 -3.686724e+01   0.000000e+00
 -3.663824e+01   0.000000e+00
 -3.640824e+01   0.000000e+00
 -3.617824e+01   0.000000e+00
 -3.594924e+01   0.000000e+00
 -3.571924e+01   0.000000e+00
 -3.548924e+01   0.000000e+00
 -3.526024e+01   0.000000e+00
 -3.503024e+01   0.000000e+00
 -3.480024e+01   0.000000e+00
 -3.457124e+01   0.000000e+00
 -3.434124e+01   0.000000e+00
 -3.411224e+01   0.000000e+00
 -3.388224e+01   0.000000e+00
 -3.365224e+01   0.000000e+00
 -3.342324e+01   0.000000e+00
 -3.319324e+01   0.000000e+00
 -3.296324e+01   0.000000e+00
 -3.273424e+01   0.000000e+00
 -3.250424e+01   0.000000e+00
 -3.227424e+01   0.000000e+00
 -3.204524e+01   0.000000e+00
 -3.181524e+01   0.000000e+00
 -3.158524e+01   0.000000e+00
 -3.135624e+01   0.000000e+00
 -3.112624e+01   0.000000e+00
 -3.089624e+01   0.000000e+00
 -3.066724e+01   0.000000e+00
 -3.043724e+01   0.000000e+00
 -3.020724e+01   0.000000e+00
 -2.997824e+01   0.000000e+00
 -2.974824e+01   0.000000e+00
 -2.951824e+01   0.000000e+00
 -2.928924e+01   0.000000e+00
 -2.905924e+01   0.000000e+00
 -2.882924e+01   0.000000e+00
 -2.860024e+01   0.000000e+00
 -2.837024e+01   0.000000e+00
 -2.814024e+01   0.000000e+00
 -2.791124e+01   0.000000e+00
 -2.768124e+01   0.000000e+00
 -2.745124e+01   0.000000e+00
 -2.722224e+01   0.000000e+00
 -2.699224e+01   0.000000e+00
 -2.676224e+01   0.000000e+00
 -2.653324e+01   0.000000e+00
 -2.630324e+01   0.000000e+00
 -2.607324e+01   0.000000e+00
 -2.584424e+01   0.000000e+00
 -2.561424e+01   0.000000e+00
 -2.538424e+01   0.000000e+00
 -2.515524e+01  -1.645891e-09
 -2.492524e+01  -4.919099e-07
 -2.469524e+01  -2.194923e-05
 -2.446624e+01  -1.884855e-04
 -2.423624e+01  -5.365140e-04
 -2.400624e+01  -3.187751e-03
 -2.377724e+01  -1.090269e-02
 -2.354724e+01  -1.150895e-02
 -2.331724e+01  -4.778640e-03
 -2.308824e+01  -5.129840e-04
 -2.285824e+01  -8.980450e-06
 -2.262824e+01  -1.895250e-08
 -2.239924e+01  -3.887850e-12
 -2.216924e+01   0.000000e+00
 -2.193924e+01   0.000000e+00
 -2.171024e+01   0.000000e+00
 -2.148024e+01   0.000000e+00
 -2.125024e+01   0.000000e+00
 -2.102124e+01   0.000000e+00
 -2.079124e+01   0.000000e+00
 -2.056124e+01   0.000000e+00
 -2.033224e+01   0.000000e+00
 -2.010224e+01   0.000000e+00
 -1.987224e+01   0.000000e+00
 -1.964324e+01  -1.752304e-09
 -1.941324e+01  -1.587753e-06
 -1.918324e+01  -1.550878e-04
 -1.895424e+01  -2.286615e-03
 -1.872424e+01  -9.212976e-03
 -1.849424e+01  -2.498234e-02
 -1.826524e+01  -1.009055e-01
 -1.803524e+01  -3.003534e-01
 -1.780524e+01  -5.130340e-01
 -1.757624e+01  -8.685040e-01
 -1.734624e+01  -8.262920e-01
 -1.711624e+01  -4.344860e-01
 -1.688724e+01  -1.001318e-01
 -1.665724e+01  -9.299100e-03
 -1.642724e+01  -6.188270e-04
 -1.619824e+01  -4.690610e-04
 -1.596824e+01  -3.450208e-04
 -1.573824e+01  -1.064174e-04
 -1.550924e+01  -1.326551e-05
 -1.527924e+01  -4.434233e-07
 -1.504924e+01  -2.381385e-09
 -1.482024e+01  -1.469317e-12
 -1.459024e+01   0.000000e+00
 -1.436024e+01   0.000000e+00
 -1.413124e+01   0.000000e+00
 -1.390124e+01   0.000000e+00
 -1.367124e+01   0.000000e+00
 -1.344224e+01   0.000000e+00
 -1.321224e+01   0.000000e+00
 -1.298224e+01   0.000000e+00
 -1.275324e+01   0.000000e+00
 -1.252324e+01   0.000000e+00
 -1.229324e+01   0.000000e+00
 -1.206424e+01   0.000000e+00
 -1.183424e+01   0.000000e+00
 -1.160424e+01   0.000000e+00
 -1.137524e+01   0.000000e+00
 -1.114524e+01   0.000000e+00
 -1.091524e+01   0.000000e+00
 -1.068624e+01   0.000000e+00
 -1.045624e+01   0.000000e+00
 -1.022624e+01   0.000000e+00
 -9.997239e+00   0.000000e+00
 -9.767239e+00   0.000000e+00
 -9.537239e+00   0.000000e+00
 -9.308239e+00   0.000000e+00
 -9.078239e+00   0.000000e+00
 -8.848239e+00  -5.303303e-11
 -8.619239e+00  -2.498428e-07
 -8.389239e+00  -1.007702e-04
 -8.159239e+00  -3.914410e-03
 -7.930239e+00  -1.738255e-02
 -7.700239e+00  -1.267973e-02
 -7.470239e+00  -1.030702e-01
 -7.241239e+00  -7.564961e-01
 -7.011239e+00  -1.496882e+00
 -6.781239e+00  -1.371077e+00
 -6.552239e+00  -1.669331e+00
 -6.322239e+00  -2.383602e+00
 -6.092239e+00  -2.690376e+00
 -5.863239e+00  -2.740666e+00
 -5.633239e+00  -2.133951e+00
 -5.403239e+00  -1.470950e+00
 -5.174239e+00  -1.104840e+00
 -4.944239e+00  -1.068270e+00
 -4.714239e+00  -9.699700e-01
 -4.485239e+00  -8.638500e-01
 -4.255239e+00  -8.096600e-01
 -4.025239e+00  -8.150000e-01
 -3.796239e+00  -9.225600e-01
 -3.566239e+00  -9.025700e-01
 -3.336239e+00  -7.445500e-01
 -3.107239e+00  -6.694200e-01
 -2.877239e+00  -7.795800e-01
 -2.647239e+00  -1.057210e+00
 -2.418239e+00  -1.215640e+00
 -2.188239e+00  -1.083070e+00
 -1.958239e+00  -8.991100e-01
 -1.729239e+00  -8.184200e-01
 -1.499239e+00  -9.460510e-01
 -1.269239e+00  -1.420400e+00
 -1.040239e+00  -1.543967e+00
 -8.102387e-01  -1.126632e+00
 -5.802387e-01  -4.800104e-01
 -3.512387e-01  -7.011661e-02
 -1.212387e-01  -1.846816e-03
  1.087613e-01  -5.733632e-06
  3.377613e-01  -1.675530e-09
  5.677613e-01   0.000000e+00
  7.977613e-01   0.000000e+00
  1.026761e+00  -1.361810e-09
  1.256761e+00  -2.766890e-06
  1.486761e+00  -6.514990e-04
  1.715761e+00  -2.209660e-02
  1.945761e+00  -1.651050e-01
  2.175761e+00  -5.300780e-01
  2.404761e+00  -1.286990e+00
  2.634761e+00  -2.580730e+00
  2.864761e+00  -3.932730e+00
  3.093761e+00  -4.334020e+00
  3.323761e+00  -4.591020e+00
  3.553761e+00  -4.655680e+00
  3.782761e+00  -4.677790e+00
  4.012761e+00  -5.026060e+00
  4.242761e+00  -5.078860e+00
  4.471761e+00  -3.270830e+00
  4.701761e+00  -1.871850e+00
  4.931761e+00  -1.378310e+00
  5.160761e+00  -1.403761e+00
  5.390761e+00  -1.399067e+00
  5.620761e+00  -1.131814e+00
  5.849761e+00  -5.437150e-01
  6.079761e+00  -1.550350e-01
  6.309761e+00  -1.360030e-01
  6.538761e+00  -1.736630e-01
  6.768761e+00  -1.329780e-01
  6.998761e+00  -1.058330e-01
  7.227761e+00  -1.653970e-01
  7.457761e+00  -2.675740e-01
  7.687761e+00  -2.917250e-01
  7.916761e+00  -1.481750e-01
  8.146761e+00  -6.231900e-02
  8.376761e+00  -4.534500e-02
  8.605761e+00  -5.384200e-02
  8.835761e+00  -8.715000e-02
  9.065761e+00  -1.315470e-01
  9.294761e+00  -1.314510e-01
  9.524761e+00  -1.068090e-01
  9.754761e+00  -6.033600e-02
  9.983761e+00  -4.875900e-02
  1.021376e+01  -6.564800e-02
  1.044276e+01  -4.012370e-02
  1.067276e+01  -6.924500e-03
  1.090276e+01  -2.757260e-04
  1.113176e+01  -1.877290e-06
  1.136176e+01  -1.493700e-09
  1.159176e+01   0.000000e+00
  1.182076e+01   0.000000e+00
  1.205076e+01   0.000000e+00
  1.228076e+01   0.000000e+00
  1.250976e+01   0.000000e+00
  1.273976e+01   0.000000e+00
  1.296976e+01   0.000000e+00
  1.319876e+01   0.000000e+00
  1.342876e+01   0.000000e+00
  1.365876e+01   0.000000e+00
  1.388776e+01   0.000000e+00


# Constant line number 0
  0.000000e+00  -6.094632e+00
  0.000000e+00   6.094632e+00

