# ------------------------------------------------------
# Data set 0
# ------------------------------------------------------

# Line 0 in data set 0
 -5.501124e+01   0.000000e+00
 -5.478124e+01   0.000000e+00
 -5.455224e+01   0.000000e+00
 -5.432224e+01   0.000000e+00
 -5.409224e+01   0.000000e+00
 -5.386324e+01   0.000000e+00
 -5.363324e+01   0.000000e+00
 -5.340324e+01   0.000000e+00
 -5.317424e+01   0.000000e+00
 -5.294424e+01   0.000000e+00
 -5.271424e+01   0.000000e+00
 -5.248524e+01   0.000000e+00
 -5.225524e+01   0.000000e+00
 -5.202524e+01   4.210495e-11
 -5.179624e+01   1.464140e-08
 -5.156624e+01   5.539930e-07
 -5.133624e+01   3.398360e-06
 -5.110724e+01   3.907680e-06
 -5.087724e+01   6.907960e-07
 -5.064724e+01   1.397522e-08
 -5.041824e+01   2.595908e-11
 -5.018824e+01   0.000000e+00
 -4.995824e+01   0.000000e+00
 -4.972924e+01   0.000000e+00
 -4.949924e+01   0.000000e+00
 -4.926924e+01   0.000000e+00
 -4.904024e+01   0.000000e+00
 -4.881024e+01   0.000000e+00
 -4.858024e+01   0.000000e+00
 -4.835124e+01   0.000000e+00
 -4.812124e+01   0.000000e+00
 -4.789124e+01   0.000000e+00
 -4.766224e+01   0.000000e+00
 -4.743224e+01   0.000000e+00
 -4.720224e+01   0.000000e+00
 -4.697324e+01   0.000000e+00
 -4.674324e+01   0.000000e+00
 -4.651324e+01   0.000000e+00
 -4.628424e+01   0.000000e+00
 -4.605424e+01   0.000000e+00
 -4.582424e+01   0.000000e+00
 -4.559524e+01   0.000000e+00
 -4.536524e+01   0.000000e+00
 -4.513524e+01   0.000000e+00
 -4.490624e+01   0.000000e+00
 -4.467624e+01   0.000000e+00
 -4.444624e+01   0.000000e+00
 -4.421724e+01   0.000000e+00
 -4.398724e+01   0.000000e+00
 -4.375724e+01   0.000000e+00
 -4.352824e+01   0.000000e+00
 -4.329824e+01   0.000000e+00
 -4.306824e+01   0.000000e+00
 -4.283924e+01   0.000000e+00
 -4.260924e+01   0.000000e+00
 -4.237924e+01   0.000000e+00
 -4.215024e+01   0.000000e+00
 -4.192024e+01   0.000000e+00
 -4.169024e+01   0.000000e+00
 -4.146124e+01   0.000000e+00
 -4.123124e+01   0.000000e+00
 -4.100124e+01   0.000000e+00
 -4.077224e+01   0.000000e+00
 -4.054224e+01   0.000000e+00
 -4.031224e+01   0.000000e+00
 -4.008324e+01   0.000000e+00
 -3.985324e+01   0.000000e+00
 -3.962324e+01   0.000000e+00
 -3.939424e+01   0.000000e+00
 -3.916424e+01   0.000000e+00
 -3.893424e+01   0.000000e+00
 -3.870524e+01   0.000000e+00
 -3.847524e+01   0.000000e+00
 -3.824524e+01   0.000000e+00
 -3.801624e+01   0.000000e+00
 -3.778624e+01   0.000000e+00
 -3.755624e+01   0.000000e+00
 -3.732724e+01   0.000000e+00
 -3.709724e+01   0.000000e+00
 -3.686724e+01   0.000000e+00
 -3.663824e+01   0.000000e+00
 -3.640824e+01   0.000000e+00
 -3.617824e+01   0.000000e+00
 -3.594924e+01   0.000000e+00
 -3.571924e+01   0.000000e+00
 -3.548924e+01   0.000000e+00
 -3.526024e+01   0.000000e+00
 -3.503024e+01   0.000000e+00
 -3.480024e+01   0.000000e+00
 -3.457124e+01   0.000000e+00
 -3.434124e+01   0.000000e+00
 -3.411224e+01   0.000000e+00
 -3.388224e+01   0.000000e+00
 -3.365224e+01   0.000000e+00
 -3.342324e+01   0.000000e+00
 -3.319324e+01   0.000000e+00
 -3.296324e+01   0.000000e+00
 -3.273424e+01   0.000000e+00
 -3.250424e+01   0.000000e+00
 -3.227424e+01   0.000000e+00
 -3.204524e+01   0.000000e+00
 -3.181524e+01   0.000000e+00
 -3.158524e+01   0.000000e+00
 -3.135624e+01   0.000000e+00
 -3.112624e+01   0.000000e+00
 -3.089624e+01   0.000000e+00
 -3.066724e+01   0.000000e+00
 -3.043724e+01   0.000000e+00
 -3.020724e+01   0.000000e+00
 -2.997824e+01   0.000000e+00
 -2.974824e+01   0.000000e+00
 -2.951824e+01   0.000000e+00
 -2.928924e+01   0.000000e+00
 -2.905924e+01   0.000000e+00
 -2.882924e+01   0.000000e+00
 -2.860024e+01   0.000000e+00
 -2.837024e+01   0.000000e+00
 -2.814024e+01   0.000000e+00
 -2.791124e+01   0.000000e+00
 -2.768124e+01   0.000000e+00
 -2.745124e+01   0.000000e+00
 -2.722224e+01   0.000000e+00
 -2.699224e+01   0.000000e+00
 -2.676224e+01   0.000000e+00
 -2.653324e+01   0.000000e+00
 -2.630324e+01   0.000000e+00
 -2.607324e+01   0.000000e+00
 -2.584424e+01   0.000000e+00
 -2.561424e+01   0.000000e+00
 -2.538424e+01   0.000000e+00
 -2.515524e+01   5.539772e-11
 -2.492524e+01   1.150467e-07
 -2.469524e+01   2.399848e-05
 -2.446624e+01   6.548576e-04
 -2.423624e+01   3.375743e-03
 -2.400624e+01   4.423299e-03
 -2.377724e+01   2.673696e-03
 -2.354724e+01   2.745800e-03
 -2.331724e+01   2.429060e-03
 -2.308824e+01   1.858640e-03
 -2.285824e+01   5.429020e-04
 -2.262824e+01   2.501510e-05
 -2.239924e+01   1.269365e-07
 -2.216924e+01   5.890510e-11
 -2.193924e+01   0.000000e+00
 -2.171024e+01   0.000000e+00
 -2.148024e+01   0.000000e+00
 -2.125024e+01   0.000000e+00
 -2.102124e+01   0.000000e+00
 -2.079124e+01   0.000000e+00
 -2.056124e+01   0.000000e+00
 -2.033224e+01   0.000000e+00
 -2.010224e+01   0.000000e+00
 -1.987224e+01   0.000000e+00
 -1.964324e+01   7.001780e-11
 -1.941324e+01   4.875380e-08
 -1.918324e+01   4.365790e-06
 -1.895424e+01   7.560190e-05
 -1.872424e+01   4.509840e-04
 -1.849424e+01   1.593530e-03
 -1.826524e+01   4.400630e-03
 -1.803524e+01   9.267660e-03
 -1.780524e+01   1.748880e-02
 -1.757624e+01   2.791140e-02
 -1.734624e+01   3.837850e-02
 -1.711624e+01   4.265470e-02
 -1.688724e+01   3.396213e-02
 -1.665724e+01   2.208312e-02
 -1.642724e+01   1.700486e-02
 -1.619824e+01   3.329315e-02
 -1.596824e+01   4.693779e-02
 -1.573824e+01   3.375169e-02
 -1.550924e+01   1.309457e-02
 -1.527924e+01   1.706745e-03
 -1.504924e+01   3.985778e-05
 -1.482024e+01   1.108116e-07
 -1.459024e+01   2.935203e-11
 -1.436024e+01   0.000000e+00
 -1.413124e+01   0.000000e+00
 -1.390124e+01   0.000000e+00
 -1.367124e+01   0.000000e+00
 -1.344224e+01   0.000000e+00
 -1.321224e+01   0.000000e+00
 -1.298224e+01   0.000000e+00
 -1.275324e+01   0.000000e+00
 -1.252324e+01   0.000000e+00
 -1.229324e+01   0.000000e+00
 -1.206424e+01   0.000000e+00
 -1.183424e+01   0.000000e+00
 -1.160424e+01   0.000000e+00
 -1.137524e+01   0.000000e+00
 -1.114524e+01   0.000000e+00
 -1.091524e+01   0.000000e+00
 -1.068624e+01   0.000000e+00
 -1.045624e+01   0.000000e+00
 -1.022624e+01   0.000000e+00
 -9.997239e+00   0.000000e+00
 -9.767239e+00   0.000000e+00
 -9.537239e+00   0.000000e+00
 -9.308239e+00   3.135029e-10
 -9.078239e+00   3.369537e-07
 -8.848239e+00   5.015450e-05
 -8.619239e+00   1.542228e-03
 -8.389239e+00   1.332157e-02
 -8.159239e+00   3.648950e-02
 -7.930239e+00   4.344930e-02
 -7.700239e+00   4.698680e-02
 -7.470239e+00   8.213070e-02
 -7.241239e+00   1.201020e-01
 -7.011239e+00   2.542790e-01
 -6.781239e+00   2.126321e+00
 -6.552239e+00   6.248577e+00
 -6.322239e+00   1.282094e+01
 -6.092239e+00   2.484920e+01
 -5.863239e+00   3.002985e+01
 -5.633239e+00   1.991489e+01
 -5.403239e+00   4.920638e+00
 -5.174239e+00   5.641640e-01
 -4.944239e+00   2.313800e-01
 -4.714239e+00   2.305690e-01
 -4.485239e+00   1.512940e-01
 -4.255239e+00   1.425510e-01
 -4.025239e+00   1.688450e-01
 -3.796239e+00   1.808600e-01
 -3.566239e+00   1.749290e-01
 -3.336239e+00   1.675470e-01
 -3.107239e+00   2.099390e-01
 -2.877239e+00   2.284420e-01
 -2.647239e+00   2.110230e-01
 -2.418239e+00   3.047990e-01
 -2.188239e+00   4.293610e-01
 -1.958239e+00   4.786140e-01
 -1.729239e+00   5.444490e-01
 -1.499239e+00   5.012090e-01
 -1.269239e+00   3.151240e-01
 -1.040239e+00   3.582430e-01
 -8.102387e-01   1.968480e-01
 -5.802387e-01   3.035580e-02
 -3.512387e-01   1.406706e-03
 -1.212387e-01   1.354611e-05
  1.087613e-01   1.617765e-05
  3.377613e-01   1.113846e-02
  5.677613e-01   7.712880e-01
  7.977613e-01   6.552097e+00
  1.026761e+00   7.959439e+00
  1.256761e+00   1.372858e+00
  1.486761e+00   2.842824e-02
  1.715761e+00   6.039273e-05
  1.945761e+00   1.436559e-04
  2.175761e+00   2.630020e-03
  2.404761e+00   1.818710e-02
  2.634761e+00   5.662610e-02
  2.864761e+00   6.231400e-02
  3.093761e+00   3.530900e-02
  3.323761e+00   1.872400e-02
  3.553761e+00   1.524330e-02
  3.782761e+00   1.546520e-02
  4.012761e+00   1.546220e-02
  4.242761e+00   1.702070e-02
  4.471761e+00   1.378040e-02
  4.701761e+00   5.135810e-03
  4.931761e+00   4.991970e-04
  5.160761e+00   2.545520e-04
  5.390761e+00   1.163940e-02
  5.620761e+00   7.371490e-02
  5.849761e+00   1.036949e-01
  6.079761e+00   7.993480e-02
  6.309761e+00   8.713000e-02
  6.538761e+00   8.554900e-02
  6.768761e+00   7.465300e-02
  6.998761e+00   5.910380e-02
  7.227761e+00   8.592100e-02
  7.457761e+00   1.018250e-01
  7.687761e+00   7.443500e-02
  7.916761e+00   6.723500e-02
  8.146761e+00   6.651100e-02
  8.376761e+00   5.421280e-02
  8.605761e+00   5.986930e-02
  8.835761e+00   1.056992e-01
  9.065761e+00   1.652920e-01
  9.294761e+00   1.204603e-01
  9.524761e+00   1.114786e-01
  9.754761e+00   1.114290e-01
  9.983761e+00   1.061715e-01
  1.021376e+01   1.237475e-01
  1.044276e+01   8.486610e-02
  1.067276e+01   1.829972e-02
  1.090276e+01   1.208767e-03
  1.113176e+01   6.004410e-05
  1.136176e+01   1.223179e-06
  1.159176e+01   2.661081e-09
  1.182076e+01   0.000000e+00
  1.205076e+01   0.000000e+00
  1.228076e+01   0.000000e+00
  1.250976e+01   0.000000e+00
  1.273976e+01   0.000000e+00
  1.296976e+01   0.000000e+00
  1.319876e+01   0.000000e+00
  1.342876e+01   0.000000e+00
  1.365876e+01   0.000000e+00
  1.388776e+01   0.000000e+00


# ------------------------------------------------------
# Data set 1
# ------------------------------------------------------

# Line 0 in data set 1
 -5.501124e+01   0.000000e+00
 -5.478124e+01   0.000000e+00
 -5.455224e+01   0.000000e+00
 -5.432224e+01   0.000000e+00
 -5.409224e+01   0.000000e+00
 -5.386324e+01   0.000000e+00
 -5.363324e+01   0.000000e+00
 -5.340324e+01   0.000000e+00
 -5.317424e+01   0.000000e+00
 -5.294424e+01   0.000000e+00
 -5.271424e+01   0.000000e+00
 -5.248524e+01  -1.934058e-11
 -5.225524e+01  -8.648003e-09
 -5.202524e+01  -3.999279e-07
 -5.179624e+01  -2.921360e-06
 -5.156624e+01  -4.277020e-06
 -5.133624e+01  -1.040135e-06
 -5.110724e+01  -3.062730e-08
 -5.087724e+01  -8.550670e-11
 -5.064724e+01   0.000000e+00
 -5.041824e+01   0.000000e+00
 -5.018824e+01   0.000000e+00
 -4.995824e+01   0.000000e+00
 -4.972924e+01   0.000000e+00
 -4.949924e+01   0.000000e+00
 -4.926924e+01   0.000000e+00
 -4.904024e+01   0.000000e+00
 -4.881024e+01   0.000000e+00
 -4.858024e+01   0.000000e+00
 -4.835124e+01   0.000000e+00
 -4.812124e+01   0.000000e+00
 -4.789124e+01   0.000000e+00
 -4.766224e+01   0.000000e+00
 -4.743224e+01   0.000000e+00
 -4.720224e+01   0.000000e+00
 -4.697324e+01   0.000000e+00
 -4.674324e+01   0.000000e+00
 -4.651324e+01   0.000000e+00
 -4.628424e+01   0.000000e+00
 -4.605424e+01   0.000000e+00
 -4.582424e+01   0.000000e+00
 -4.559524e+01   0.000000e+00
 -4.536524e+01   0.000000e+00
 -4.513524e+01   0.000000e+00
 -4.490624e+01   0.000000e+00
 -4.467624e+01   0.000000e+00
 -4.444624e+01   0.000000e+00
 -4.421724e+01   0.000000e+00
 -4.398724e+01   0.000000e+00
 -4.375724e+01   0.000000e+00
 -4.352824e+01   0.000000e+00
 -4.329824e+01   0.000000e+00
 -4.306824e+01   0.000000e+00
 -4.283924e+01   0.000000e+00
 -4.260924e+01   0.000000e+00
 -4.237924e+01   0.000000e+00
 -4.215024e+01   0.000000e+00
 -4.192024e+01   0.000000e+00
 -4.169024e+01   0.000000e+00
 -4.146124e+01   0.000000e+00
 -4.123124e+01   0.000000e+00
 -4.100124e+01   0.000000e+00
 -4.077224e+01   0.000000e+00
 -4.054224e+01   0.000000e+00
 -4.031224e+01   0.000000e+00
 -4.008324e+01   0.000000e+00
 -3.985324e+01   0.000000e+00
 -3.962324e+01   0.000000e+00
 -3.939424e+01   0.000000e+00
 -3.916424e+01   0.000000e+00
 -3.893424e+01   0.000000e+00
 -3.870524e+01   0.000000e+00
 -3.847524e+01   0.000000e+00
 -3.824524e+01   0.000000e+00
 -3.801624e+01   0.000000e+00
 -3.778624e+01   0.000000e+00
 -3.755624e+01   0.000000e+00
 -3.732724e+01   0.000000e+00
 -3.709724e+01   0.000000e+00
 -3.686724e+01   0.000000e+00
 -3.663824e+01   0.000000e+00
 -3.640824e+01   0.000000e+00
 -3.617824e+01   0.000000e+00
 -3.594924e+01   0.000000e+00
 -3.571924e+01   0.000000e+00
 -3.548924e+01   0.000000e+00
 -3.526024e+01   0.000000e+00
 -3.503024e+01   0.000000e+00
 -3.480024e+01   0.000000e+00
 -3.457124e+01   0.000000e+00
 -3.434124e+01   0.000000e+00
 -3.411224e+01   0.000000e+00
 -3.388224e+01   0.000000e+00
 -3.365224e+01   0.000000e+00
 -3.342324e+01   0.000000e+00
 -3.319324e+01   0.000000e+00
 -3.296324e+01   0.000000e+00
 -3.273424e+01   0.000000e+00
 -3.250424e+01   0.000000e+00
 -3.227424e+01   0.000000e+00
 -3.204524e+01   0.000000e+00
 -3.181524e+01   0.000000e+00
 -3.158524e+01   0.000000e+00
 -3.135624e+01   0.000000e+00
 -3.112624e+01   0.000000e+00
 -3.089624e+01   0.000000e+00
 -3.066724e+01   0.000000e+00
 -3.043724e+01   0.000000e+00
 -3.020724e+01   0.000000e+00
 -2.997824e+01   0.000000e+00
 -2.974824e+01   0.000000e+00
 -2.951824e+01   0.000000e+00
 -2.928924e+01   0.000000e+00
 -2.905924e+01   0.000000e+00
 -2.882924e+01   0.000000e+00
 -2.860024e+01   0.000000e+00
 -2.837024e+01   0.000000e+00
 -2.814024e+01   0.000000e+00
 -2.791124e+01   0.000000e+00
 -2.768124e+01   0.000000e+00
 -2.745124e+01   0.000000e+00
 -2.722224e+01   0.000000e+00
 -2.699224e+01   0.000000e+00
 -2.676224e+01   0.000000e+00
 -2.653324e+01   0.000000e+00
 -2.630324e+01   0.000000e+00
 -2.607324e+01   0.000000e+00
 -2.584424e+01   0.000000e+00
 -2.561424e+01   0.000000e+00
 -2.538424e+01  -9.316651e-11
 -2.515524e+01  -1.702360e-07
 -2.492524e+01  -3.159097e-05
 -2.469524e+01  -7.789808e-04
 -2.446624e+01  -3.643759e-03
 -2.423624e+01  -4.326593e-03
 -2.400624e+01  -2.794401e-03
 -2.377724e+01  -3.133350e-03
 -2.354724e+01  -2.947230e-03
 -2.331724e+01  -1.952170e-03
 -2.308824e+01  -3.540420e-04
 -2.285824e+01  -9.038130e-06
 -2.262824e+01  -2.394043e-08
 -2.239924e+01  -5.601065e-12
 -2.216924e+01   0.000000e+00
 -2.193924e+01   0.000000e+00
 -2.171024e+01   0.000000e+00
 -2.148024e+01   0.000000e+00
 -2.125024e+01   0.000000e+00
 -2.102124e+01   0.000000e+00
 -2.079124e+01   0.000000e+00
 -2.056124e+01   0.000000e+00
 -2.033224e+01   0.000000e+00
 -2.010224e+01   0.000000e+00
 -1.987224e+01   0.000000e+00
 -1.964324e+01  -1.000039e-11
 -1.941324e+01  -1.263750e-08
 -1.918324e+01  -1.896570e-06
 -1.895424e+01  -4.821190e-05
 -1.872424e+01  -3.531250e-04
 -1.849424e+01  -1.311060e-03
 -1.826524e+01  -3.557370e-03
 -1.803524e+01  -7.694730e-03
 -1.780524e+01  -1.366860e-02
 -1.757624e+01  -2.934270e-02
 -1.734624e+01  -5.226140e-02
 -1.711624e+01  -6.346620e-02
 -1.688724e+01  -4.715062e-02
 -1.665724e+01  -2.552223e-02
 -1.642724e+01  -2.427986e-02
 -1.619824e+01  -4.690633e-02
 -1.596824e+01  -4.942798e-02
 -1.573824e+01  -2.672715e-02
 -1.550924e+01  -6.420339e-03
 -1.527924e+01  -3.690207e-04
 -1.504924e+01  -3.003011e-06
 -1.482024e+01  -2.550071e-09
 -1.459024e+01   0.000000e+00
 -1.436024e+01   0.000000e+00
 -1.413124e+01   0.000000e+00
 -1.390124e+01   0.000000e+00
 -1.367124e+01   0.000000e+00
 -1.344224e+01   0.000000e+00
 -1.321224e+01   0.000000e+00
 -1.298224e+01   0.000000e+00
 -1.275324e+01   0.000000e+00
 -1.252324e+01   0.000000e+00
 -1.229324e+01   0.000000e+00
 -1.206424e+01   0.000000e+00
 -1.183424e+01   0.000000e+00
 -1.160424e+01   0.000000e+00
 -1.137524e+01   0.000000e+00
 -1.114524e+01   0.000000e+00
 -1.091524e+01   0.000000e+00
 -1.068624e+01   0.000000e+00
 -1.045624e+01   0.000000e+00
 -1.022624e+01   0.000000e+00
 -9.997239e+00   0.000000e+00
 -9.767239e+00   0.000000e+00
 -9.537239e+00   0.000000e+00
 -9.308239e+00   0.000000e+00
 -9.078239e+00   0.000000e+00
 -8.848239e+00  -2.649981e-08
 -8.619239e+00  -1.276093e-04
 -8.389239e+00  -5.267690e-02
 -8.159239e+00  -2.082180e+00
 -7.930239e+00  -9.289713e+00
 -7.700239e+00  -5.346930e+00
 -7.470239e+00  -1.423091e+00
 -7.241239e+00  -4.716333e+00
 -7.011239e+00  -9.637610e+00
 -6.781239e+00  -2.324530e+01
 -6.552239e+00  -3.356091e+01
 -6.322239e+00  -2.425467e+01
 -6.092239e+00  -5.378092e+00
 -5.863239e+00  -4.991968e-01
 -5.633239e+00  -1.935417e-01
 -5.403239e+00  -1.388519e-01
 -5.174239e+00  -1.337410e-01
 -4.944239e+00  -1.400200e-01
 -4.714239e+00  -1.263590e-01
 -4.485239e+00  -1.358980e-01
 -4.255239e+00  -1.484230e-01
 -4.025239e+00  -1.482750e-01
 -3.796239e+00  -1.801990e-01
 -3.566239e+00  -2.046920e-01
 -3.336239e+00  -1.760050e-01
 -3.107239e+00  -1.520700e-01
 -2.877239e+00  -1.756440e-01
 -2.647239e+00  -2.610490e-01
 -2.418239e+00  -3.873610e-01
 -2.188239e+00  -4.797440e-01
 -1.958239e+00  -4.890930e-01
 -1.729239e+00  -4.867900e-01
 -1.499239e+00  -3.978610e-01
 -1.269239e+00  -2.514620e-01
 -1.040239e+00  -1.721390e-01
 -8.102387e-01  -1.020423e-01
 -5.802387e-01  -3.212851e-02
 -3.512387e-01  -4.157909e-03
 -1.212387e-01  -1.081623e-04
  1.087613e-01  -3.366581e-07
  3.377613e-01  -9.875979e-11
  5.677613e-01   0.000000e+00
  7.977613e-01   0.000000e+00
  1.026761e+00   0.000000e+00
  1.256761e+00  -1.047255e-09
  1.486761e+00  -4.044540e-07
  1.715761e+00  -2.224041e-05
  1.945761e+00  -2.945920e-04
  2.175761e+00  -1.626090e-03
  2.404761e+00  -5.334470e-03
  2.634761e+00  -1.233710e-02
  2.864761e+00  -2.009100e-02
  3.093761e+00  -2.018810e-02
  3.323761e+00  -1.961990e-02
  3.553761e+00  -2.327750e-02
  3.782761e+00  -3.203400e-02
  4.012761e+00  -5.080100e-02
  4.242761e+00  -6.120960e-02
  4.471761e+00  -3.697090e-02
  4.701761e+00  -1.961480e-02
  4.931761e+00  -1.443900e-02
  5.160761e+00  -1.492180e-02
  5.390761e+00  -2.620380e-02
  5.620761e+00  -8.297390e-02
  5.849761e+00  -1.078190e-01
  6.079761e+00  -8.077100e-02
  6.309761e+00  -8.391400e-02
  6.538761e+00  -8.575500e-02
  6.768761e+00  -7.761000e-02
  6.998761e+00  -6.008020e-02
  7.227761e+00  -7.768800e-02
  7.457761e+00  -9.956700e-02
  7.687761e+00  -1.021350e-01
  7.916761e+00  -8.477800e-02
  8.146761e+00  -6.919100e-02
  8.376761e+00  -5.646260e-02
  8.605761e+00  -6.322910e-02
  8.835761e+00  -1.037525e-01
  9.065761e+00  -1.657210e-01
  9.294761e+00  -1.523780e-01
  9.524761e+00  -1.465860e-01
  9.754761e+00  -9.107070e-02
  9.983761e+00  -6.696630e-02
  1.021376e+01  -7.186370e-02
  1.044276e+01  -3.922040e-02
  1.067276e+01  -6.635380e-03
  1.090276e+01  -2.753450e-04
  1.113176e+01  -2.022530e-06
  1.136176e+01  -1.767411e-09
  1.159176e+01   0.000000e+00
  1.182076e+01   0.000000e+00
  1.205076e+01   0.000000e+00
  1.228076e+01   0.000000e+00
  1.250976e+01   0.000000e+00
  1.273976e+01   0.000000e+00
  1.296976e+01   0.000000e+00
  1.319876e+01   0.000000e+00
  1.342876e+01   0.000000e+00
  1.365876e+01   0.000000e+00
  1.388776e+01   0.000000e+00


# Constant line number 0
  0.000000e+00  -4.027309e+01
  0.000000e+00   4.027309e+01

